,0,1,2,3,4
0,0.2,0.2,0.0621051669390172,0.33789483306098284,0.2
1,0.2,0.1866675519355111,0.2,0.3311678718737963,0.08216457619069271
2,0.2,0.05532476353064057,0.2,0.16388401860056181,0.3807912178687976
3,0.19999999999999998,0.19999999999999998,0.19999999999999998,0.19999999999999998,0.19999999999999998
4,0.2,0.2,0.2,0.34296884897437885,0.057031151025621174
5,0.07157575654656405,0.19999999999999998,0.19999999999999998,0.3284242434534359,0.19999999999999998
6,0.19999999999999998,0.13155821950525387,0.23422089024737303,0.23422089024737303,0.19999999999999998
7,0.19230641093028442,0.2,0.04469075964244353,0.4342090649999316,0.1287937644273404
8,0.2,0.2,0.0023417421964987053,0.5243061266332893,0.07335213117021189
9,0.08036575638182401,0.0041829606725609925,0.13139462894559306,0.5840566540000219,0.19999999999999998
10,0.11012653672953283,0.1105497172844763,0.2,0.3793237459859909,0.2
11,0.20000000000000004,0.09442146027467282,0.20000000000000004,0.4494177994385341,0.056160740286793125
12,0.2,0.2,0.2,0.2,0.2
13,0.2,0.2,0.2,0.2,0.2
14,0.14623712563598296,0.0700337416310822,0.2,0.5292523921537576,0.05447674057917721
15,0.13084407192178918,0.2,0.019472900908755943,0.44968302716945485,0.2
16,0.09262617628589476,0.2,0.2,0.4933147909733103,0.014059032740794921
17,0.06009231639106309,0.19999999999999998,0.19999999999999998,0.4274180748441988,0.11248960876473806
18,0.2,0.2,0.009007911316415493,0.39099208868358454,0.2
19,0.0708847172117677,0.12913802842421399,0.2,0.3999772543640184,0.2
20,0.2,0.2,0.26084879084522616,0.3298310391545131,0.009320170000260697
21,0.19999999999999998,0.19999999999999998,0.08179266697344002,0.4421648224555722,0.07604251057098774
22,0.2,0.2,0.2,0.2884723307223757,0.11152766927762434
23,0.13559678714807416,0.1060131186256232,0.05894779493660611,0.6137550486921234,0.0856872505975732
24,0.2,0.0657314296198043,0.2,0.37113177900012334,0.1631367913800723
25,0.2,0.2,0.2,0.2,0.2
26,0.2,0.2,0.2,0.2,0.2
27,0.06755630376919891,0.19999999999999998,0.19999999999999998,0.47838738278016446,0.05405631345063656
28,0.2,0.08279272054874916,0.2,0.5036243201615841,0.013582959289666796
29,0.2,0.2,0.038624655990941156,0.45818629327422555,0.10318905073483332
30,0.2,0.2,0.2,0.2929714244886008,0.1070285755113992
31,0.2,0.2,0.12261697676764827,0.1364767030284991,0.3409063202038526
32,0.13022360229080127,0.029601473877394886,0.1846155281888814,0.5513859789351095,0.1041734167078129
33,0.20000000000000004,0.0025912251786132157,0.05191952710530808,0.5454892477160788,0.20000000000000004
34,0.19999999999999998,0.19999999999999998,0.19999999999999998,0.3293898895640991,0.07061011043590085
35,0.19999999999999998,0.19999999999999998,0.11637514250042667,0.3745208719098006,0.10910398558977272
36,0.19999999999999998,0.01836277894426196,0.19999999999999998,0.4045387111166328,0.1770985099391052
37,0.2,0.2,0.06263901910157393,0.33736098089842603,0.2
38,0.19999999999999998,0.19999999999999998,0.19999999999999998,0.3798967017568891,0.020103298243110867
39,0.19999999999999998,0.05643068616738792,0.19999999999999998,0.23416157143397223,0.3094077423986398
40,0.19999999999999998,0.19999999999999998,0.19999999999999998,0.34788862941338666,0.05211137058661335
41,0.2408606598733931,0.08340296921756453,0.19999999999999998,0.2757363709090423,0.19999999999999998
42,0.007606681126221845,0.2,0.2,0.39239331887377815,0.2
43,0.1647481506618671,0.020809318785960186,0.0828751397009221,0.59051238296026,0.14105500789099054
44,0.002517892403136303,0.19999999999999998,0.036145841265426616,0.5613362663314371,0.19999999999999998
45,0.19999999999999998,0.19999999999999998,0.01989981831303582,0.38465073229073254,0.1954494493962316
46,0.009301298660461227,0.2,0.2,0.39069870133953877,0.2
47,0.2,0.2,0.0675860661170687,0.33241393388293133,0.2
48,0.15201692945857023,0.007629525515630585,0.04647902216825419,0.593874522857545,0.19999999999999998
49,0.2,0.2,0.22181252725552172,0.2806918164067674,0.0974956563377109
50,0.2,0.2,0.17412805837036419,0.22587194162963578,0.2
51,0.12335522324984093,0.07763919942149147,0.19999999999999998,0.39900557732866754,0.19999999999999998
52,0.12747877138368643,0.19999999999999998,0.023250308271111988,0.5221307298510991,0.12714019049410252
53,0.19999999999999998,0.19999999999999998,0.19999999999999998,0.3200863087793724,0.07991369122062762
54,0.19999999999999998,0.19999999999999998,0.19999999999999998,0.2843119438523423,0.11568805614765765
55,0.2,0.2,0.1524852779226119,0.32687264677417677,0.12064207530321133
56,0.026804544255423713,0.19999999999999998,0.1111505044962838,0.504413924907181,0.15763102634111148
57,0.16795790859585347,0.09072738423467541,0.19999999999999998,0.4006407001987582,0.1406740069707129
58,0.19999999999999998,0.19999999999999998,0.06270222173641439,0.46581444148160644,0.0714833367819792
59,0.2,0.2,0.2,0.2,0.2
60,1.0,1.0,1.0,1.0,1.0
61,0.2,0.07561742917340379,0.2,0.3833986539500096,0.14098391687658654
62,0.10623177752392372,0.03333877068782118,0.122738256763487,0.6251439560073809,0.11254723901738722
63,0.2,0.05213747083945461,0.2,0.3478625291605454,0.2
64,0.19999999999999998,0.19999999999999998,0.04472430747767097,0.355275692522329,0.19999999999999998
65,0.10634251287489607,0.015275895351645422,0.19999999999999998,0.3439011816189084,0.3344804101545501
66,0.2,0.2,0.04717476108984926,0.3528252389101508,0.2
67,0.2,0.2,0.2,0.2,0.2
68,0.2,0.15732029164572875,0.05226520473013597,0.3904145036241353,0.2
69,0.19999999999999998,0.09521318192917697,0.19999999999999998,0.2523934090354115,0.2523934090354115
70,0.19999999999999998,0.014954529078975124,0.1130627345876538,0.471982736333371,0.19999999999999998
71,0.2,0.04608180529320382,0.2,0.2886106092191304,0.2653075854876658
72,0.002312902905203852,0.19999999999999998,0.07146974385489571,0.5668820109354343,0.15933534230446605
73,0.19999999999999998,0.03456419889577602,0.10711757945568762,0.5254700775418492,0.1328481441066872
74,0.19999999999999998,0.04861401236789332,0.01565953543630745,0.5357264521957992,0.19999999999999998
75,0.05216955212337632,0.17345253508841782,0.34888672184141445,0.27394213040575577,0.15154906054103556
76,0.2,0.2,0.2,0.2,0.2
77,0.2,0.2,0.2,0.010002579997034959,0.38999742000296506
78,0.045174208697081705,0.19999999999999998,0.19999999999999998,0.39672859182164066,0.15809719948127754
79,0.1125464505150095,0.2,0.0664141239421941,0.3457142080332042,0.27532521750959216
80,0.06154483537185252,0.19999999999999998,0.19999999999999998,0.33845516462814745,0.19999999999999998
81,0.20000000000000004,0.0763033757585013,0.12490107534639845,0.3987955488951003,0.20000000000000004
82,0.19999999999999998,0.19999999999999998,0.11594965573624567,0.34101706091137063,0.14303328335238363
83,0.026556993447518686,0.2,0.028805181656707313,0.6972850093872713,0.04735281550850267
84,0.2,0.2,0.2,0.3293160084444454,0.07068399155555459
85,0.1035000137537112,0.2,0.3084484319290331,0.14672840481452903,0.24132314950272662
86,0.2,0.2,0.2,0.3475469341664222,0.05245306583357783
87,0.05359336509797369,0.0330739573076497,0.18945137979960294,0.5891326426361374,0.13474865515863638
88,0.2,0.09503084585073196,0.2,0.30496915414926806,0.2
89,0.19999999999999998,0.19999999999999998,0.0031520892176508794,0.3968479107823491,0.19999999999999998
90,0.19999999999999998,0.19999999999999998,0.19999999999999998,0.19999999999999998,0.19999999999999998
91,0.1183208964502502,0.004463264869886163,0.014896313360601265,0.6321616752511838,0.23015785006807862
92,0.2,0.2,0.008173045822417763,0.39182695417758223,0.2
93,0.2,0.2,0.2,0.2,0.2
94,0.05883832088842206,0.05730174002487855,0.07152752917011991,0.7410470397680565,0.07128537014852288
95,0.20000000000000004,0.20000000000000004,0.025416710803300605,0.4953290884504852,0.07925420074621424
96,0.06890609428022941,0.13166856208151087,0.09216520471311977,0.4955904452152681,0.2116696937098718
97,0.2,0.2,0.12343588781900337,0.2765641121809966,0.2
98,0.2,0.05301780628591819,0.06910514241995074,0.5445808988435235,0.1332961524506076
99,0.126140561227571,0.23692971938621452,0.19999999999999998,0.23692971938621452,0.19999999999999998
100,0.15227643560836943,0.2,0.16704276942888702,0.24948838583176491,0.23119240913097858
101,0.2,0.2,0.018182869459450753,0.39686331009827014,0.18495382044227912
102,0.19999999999999996,0.19999999999999996,0.0006805347576968792,0.46787482031623173,0.13144464492607133
103,0.19999999999999998,0.19999999999999998,0.19999999999999998,0.3413068190394001,0.05869318096059988
104,0.20000000000000004,0.017767790018122825,0.10431398966720329,0.47791822031467396,0.20000000000000004
105,0.2,0.2,0.07081986303868801,0.32918013696131204,0.2
106,0.16289091723428922,0.19999999999999998,0.010773223451722335,0.4531040944920015,0.1732317648219869
107,0.13894312244276213,0.2,0.2,0.29687874181333823,0.16417813574389964
108,0.2,0.2,0.2,0.2,0.2
109,0.19999999999999998,0.19999999999999998,0.19999999999999998,0.30905280563457294,0.09094719436542706
110,0.11395751101430107,0.2,0.2,0.3772000728990945,0.1088424160866044
111,0.2,0.2,0.2,0.3015036760795238,0.09849632392047622
112,0.2,0.026232757577825873,0.2,0.4890065151015632,0.0847607273206109
113,1.0,1.0,1.0,1.0,1.0
114,0.2,0.02346024263079634,0.051373199409651515,0.5251665579595521,0.2
115,0.15351862391745785,0.19999999999999998,0.002393188650274794,0.45464846776180184,0.1894397196704655
116,0.19999999999999998,0.19999999999999998,0.19999999999999998,0.39988466317306015,0.00011533682693983748
117,0.2,0.042905313880401245,0.2,0.35709468611959877,0.2
118,0.014048730239795994,0.2,0.2,0.38595126976020405,0.2
119,0.21213503369917797,0.2,0.05822030442856739,0.32964466187225466,0.2
120,0.05662839564203215,0.2,0.2,0.34337160435796793,0.2
121,0.2,0.2,0.2,0.2,0.2
122,0.13462254026885564,0.2,0.2,0.36282011711711987,0.10255734261402456
123,0.013247304610566411,0.19999999999999998,0.19999999999999998,0.4719142830960477,0.11483841229338593
124,0.0973393509755172,0.19999999999999998,0.03872040054064008,0.5868981792631398,0.07704206922070295
125,0.2,0.2,0.2,0.2,0.2
126,0.19999999999999998,0.19999999999999998,0.04895417713389691,0.506334656323418,0.04471116654268512
127,0.11592938927525658,0.05429091588010874,0.2,0.3372723106981057,0.29250738414652894
128,0.20000000000000004,0.20000000000000004,0.0799863682171218,0.4515654348276504,0.06844819695522787
129,0.2,0.2,0.050892537849746025,0.42206356851167104,0.127043893638583
130,0.19999999999999998,0.19999999999999998,0.19999999999999998,0.3613470897357963,0.03865291026420367
131,0.123379280436121,0.16549714191043552,0.2,0.31112357765344345,0.2
132,0.2,0.2,0.2,0.2,0.2
133,0.2,0.2,0.2,0.2,0.2
134,0.2,0.14731147581530535,0.12059786910608802,0.2660453275393033,0.2660453275393033
135,0.13466777255494344,0.2,0.06646963488817777,0.3988625925568788,0.2
136,0.33852482998737893,0.2,0.07725510155528174,0.18422006845733924,0.2
137,0.04596869195328983,0.2,0.03622970621132286,0.5609122559550491,0.15688934588033815
138,0.2,0.2,0.19641786838946665,0.22247853877899237,0.18110359283154104
139,0.2,0.04164826178730539,0.2,0.3583517382126946,0.2
140,0.05184051457394243,0.19999999999999998,0.23446126816290963,0.19999999999999998,0.31369821726314795
141,0.012302471143565273,0.2,0.17140931874351462,0.6051302010867977,0.011158009026122488
142,0.2,0.2,0.2,0.2,0.2
143,0.19999999999999998,0.029425786576382847,0.19999999999999998,0.3705742134236171,0.19999999999999998
144,0.02711120232760371,0.2,0.12940156039681233,0.36789002801585846,0.27559720925972553
145,0.2,0.03927356589745148,0.2,0.4198479761889429,0.14087845791360568
146,0.0864427536708644,0.2,0.2,0.4667035416401229,0.046853704689012676
147,0.14013149787525617,0.19999999999999998,0.19999999999999998,0.19248043446651927,0.26738806765822454
148,0.2,0.2,0.2,0.2,0.2
149,0.19999999999999998,0.11580517078042561,0.10274063865058064,0.5796597648953962,0.0017944256735975992
150,0.29726014611038026,0.2,0.2,0.1718194282372598,0.13092042565235987
151,0.10065696595239951,0.2,0.060985001737426194,0.5293196959136934,0.10903833639648092
152,0.0690322573695567,0.2,0.2,0.3615587794151874,0.16940896321525586
153,0.19999999999999998,0.19999999999999998,0.1937601090935296,0.2031199454532352,0.2031199454532352
154,0.1832513366020269,0.2,0.15255964853552176,0.2641890148624514,0.2
155,0.2,0.2,0.2,0.30853825814710717,0.09146174185289287
156,0.19999999999999998,0.02406580509919716,0.012881386932206385,0.5599497747664597,0.20310303320213677
157,0.19999999999999998,0.19999999999999998,0.0863676055200761,0.31363239447992386,0.19999999999999998
158,0.2,0.006870381891285716,0.2,0.5603397604766037,0.03278985763211053
159,0.19999999999999998,0.10053728963183615,0.19999999999999998,0.29946271036816385,0.19999999999999998
160,0.19999999999999998,0.08744175820735711,0.19999999999999998,0.38871558671242296,0.12384265508021995
161,0.19999999999999998,0.0829726743268692,0.19999999999999998,0.3170273256731308,0.19999999999999998
162,0.10820065684914663,0.1772871458387598,0.19999999999999998,0.3145121973120935,0.19999999999999998
163,0.2,0.2,0.014184215172460823,0.3858157848275392,0.2
164,0.19999999999999998,0.19999999999999998,0.05809069614709722,0.4896807024206706,0.052228601432232256
165,0.06991158501035603,0.2,0.06084735629900219,0.4692410586906418,0.2
166,0.19999999999999998,0.06885596590454682,0.19999999999999998,0.4547112037651863,0.07643283033026682
167,0.19999999999999998,0.19999999999999998,0.19999999999999998,0.19999999999999998,0.19999999999999998
168,0.08876267259898139,0.19999999999999998,0.19999999999999998,0.3903240641384168,0.12091326326260175
169,0.2,0.2,0.042873398753235564,0.3571266012467645,0.2
170,0.19999999999999996,0.19999999999999996,0.06819302765867495,0.4820927694375391,0.04971420290378587
171,0.10879589465970307,0.2,0.2,0.29120410534029695,0.2
172,0.2,0.2,0.2,0.2,0.2
173,0.03469892147543563,0.2,0.2,0.45149713612236475,0.11380394240219964
174,0.010955673722577712,0.2,0.2,0.38904432627742236,0.2
175,0.2,0.018621595246344116,0.2,0.3813784047536559,0.2
176,0.17782571388273385,0.07010763223958408,0.03193011554826922,0.6140219730071846,0.10611456532222817
177,0.2,0.19314493295502844,0.23329158052539992,0.17356348651957168,0.2
178,0.038188651792157545,0.058250351222892224,0.2,0.6010167314267689,0.10254426555818133
179,0.2,0.2,0.2,0.33500304826082766,0.06499695173917237
180,0.009931010024053026,0.19999999999999998,0.19999999999999998,0.4107870600700697,0.1792819299058772
181,0.036921452055381,0.1179694948155681,0.21259803906131514,0.5676648654337229,0.06484614863401299
182,0.13679777120153044,0.2,0.13655276247735176,0.481945568137715,0.044703898183402806
183,0.008650562509745226,0.22922665870285075,0.2,0.362122778787404,0.2
184,0.2,0.19188363834404246,0.2,0.20960023975912506,0.19851612189683257
185,0.2,0.1626588655767911,0.2,0.23734113442320895,0.2
186,0.2,0.2,0.2,0.3666014023156574,0.0333985976843426
187,0.06444291633726978,0.19999999999999998,0.19999999999999998,0.3355570836627302,0.19999999999999998
188,0.2,0.2,0.2,0.2,0.2
189,0.2,0.0801921457523893,0.2,0.3198078542476107,0.2
190,0.2,0.2,0.2,0.2,0.2
191,0.02748392063183883,0.19999999999999998,0.19999999999999998,0.42007708492016754,0.15243899444799364
192,0.2,0.2,0.2,0.2,0.2
193,0.0436045988232775,0.19999999999999998,0.08180067436554592,0.4745947268111765,0.19999999999999998
194,0.2,0.0871198549168817,0.2,0.3128801450831183,0.2
195,0.2,0.2,0.2,0.2,0.2
196,0.16926933401858588,0.2,0.2,0.08119539651290547,0.34953526946850866
197,0.19999999999999998,0.19999999999999998,0.032944760943135455,0.454508604378368,0.11254663467849652
198,0.19999999999999998,0.061398174678706036,0.19999999999999998,0.33860182532129396,0.19999999999999998
199,0.16364208031255117,0.2,0.04923171617902312,0.4140754631426338,0.17305074036579193
200,0.10979874452016244,0.19999999999999998,0.010681423487580066,0.647111514180753,0.032408317811504474
201,0.2,0.2,0.2,0.2,0.2
202,0.2,0.2,0.027085808221094652,0.5130200089937081,0.059894182785197175
203,0.05554551273319502,0.2,0.2,0.34445448726680494,0.2
204,0.19999999999999998,0.19999999999999998,0.19999999999999998,0.20811751407459214,0.19188248592540788
205,0.2,0.2,0.027773742593595534,0.3722262574064044,0.2
206,0.011745334700490346,0.09565895390569847,0.2,0.49259571139381125,0.2
207,0.34405818489762113,0.3706755145497117,0.05429475409903734,0.15232000753591154,0.07865153891771834
208,0.19999999999999998,0.033930537848596856,0.19999999999999998,0.4265261669137547,0.13954329523764838
209,0.07599197202620486,0.1998728427700785,0.19999999999999998,0.38406973097249164,0.140065454231225
210,0.20525132488200223,0.2,0.2,0.3410617682634461,0.05368690685455169
211,0.2,0.2,0.2,0.3060738526063526,0.0939261473936474
212,0.2,0.08350499454691582,0.2,0.3164950054530842,0.2
213,0.11314935970911978,0.19999999999999998,0.19999999999999998,0.2868506402908802,0.19999999999999998
214,0.2,0.2,0.2,0.2,0.2
215,0.2,0.2,0.05198524389822146,0.3480147561017785,0.2
216,0.2,0.2,0.2,0.2,0.2
217,0.2506966182475344,0.31706980772989246,0.2873412202599897,0.0929955624358622,0.05189679132672116
218,0.1875035903388621,0.20233155820517496,0.20000000000000004,0.21104290507244847,0.1991219463835145
219,0.2,0.0782239942924988,0.2,0.4377915989634474,0.08398440674405382
220,0.20000000000000004,0.20000000000000004,0.1330671409939995,0.4320435554913718,0.03488930351462875
221,0.04074918907234272,0.268307088145424,0.2,0.4249510735542485,0.06599264922798483
222,0.01742125872678399,0.19999999999999998,0.19999999999999998,0.48969683807859565,0.0928819031946204
223,0.02710401901982234,0.20404841213444075,0.1185873069520521,0.5555900219405354,0.09467023995314944
224,0.2,0.2,0.2,0.2,0.2
225,0.01372775901741695,0.2,0.2,0.38627224098258306,0.2
226,0.2,0.2,0.2,0.3216351676888871,0.07836483231111291
227,0.2,0.08608022116916546,0.05585294891606301,0.4745647373145267,0.18350209260024478
228,0.153152513622965,0.18238420059639432,0.21347792012913652,0.2509853656515042,0.2
229,0.19999999999999998,0.11184596945894666,0.19999999999999998,0.2881540305410533,0.19999999999999998
230,0.07138399251131723,0.19999999999999998,0.19999999999999998,0.3286160074886827,0.19999999999999998
231,0.01885079601758462,0.19999999999999998,0.19999999999999998,0.5277162573128557,0.053432946669559736
232,0.19999999999999998,0.00900201406548083,0.011639256211621988,0.5793587297228973,0.19999999999999998
233,0.19999999999999998,0.20269875085135125,0.19999999999999998,0.19730124914864874,0.19999999999999998
234,0.20072859509398316,0.17451675056432564,0.2,0.24540493682267434,0.1793497175190169
235,0.2,0.05556693033005085,0.2,0.4508315059721275,0.09360156369782163
236,0.015186347343013537,0.2,0.2,0.5121738907746387,0.07263976188234782
237,0.05987533225793782,0.2,0.2,0.4182227368308952,0.12190193091116687
238,0.19999999999999998,0.19999999999999998,0.04154325408957176,0.4056686760925951,0.1527880698178332
239,0.2,0.2,0.2,0.2,0.2
240,0.13715951321621264,0.2,0.2354705716796119,0.3358070878018124,0.09156282730236304
241,0.2,0.2,0.03031797920743204,0.4411930188627695,0.12848900192979848
242,0.08439427139885734,0.0221050017092479,0.2,0.5204869813064912,0.17301374558540356
243,0.2,0.2,0.010250122415098747,0.3897498775849013,0.2
244,0.19999999999999998,0.19999999999999998,0.19999999999999998,0.3440461838968976,0.05595381610310233
245,0.20000000000000004,0.20000000000000004,0.20000000000000004,0.29985557012647934,0.10014442987352071
246,0.19999999999999998,0.08170821875445816,0.11986420346320734,0.4560454696984403,0.14238210808389418
247,0.039254462776122316,0.009494741759394493,0.19999999999999998,0.5512507954644832,0.19999999999999998
248,0.0036255724109904505,0.03734478726277864,0.2459091630509571,0.5111410313858544,0.20197944588941938
249,0.19999999999999998,0.19999999999999998,0.19999999999999998,0.32225680807186335,0.07774319192813667
250,0.2,0.2,0.10501410093078183,0.2949858990692182,0.2
251,0.021523846176453067,0.03518639548624716,0.19999999999999998,0.5432897583372998,0.19999999999999998
252,0.19999999999999998,0.19999999999999998,0.2095166520038756,0.38370810581560294,0.006775242180521502
253,0.19999999999999998,0.19999999999999998,0.19999999999999998,0.3255985570239121,0.07440144297608786
254,0.19999999999999998,0.19999999999999998,0.19999999999999998,0.37316642288715995,0.02683357711284002
255,0.20000000000000004,0.0156567308216732,0.07244699383370802,0.4787374513673787,0.23315882397724016
256,0.13517252811023447,0.11842455528313903,0.19999999999999998,0.4398885167528046,0.10651439985382179
257,0.1051027320744673,0.0898200507838173,0.2,0.5178202535036165,0.08725696363809894
258,0.2,0.2,0.0753587946422916,0.35220978217671445,0.17243142318099394
259,0.10352989232623737,0.07670626976817692,0.22300540129398988,0.39675843661159577,0.2
260,0.19999999999999998,0.19999999999999998,0.05421802393556208,0.3563478466330065,0.1894341294314314
261,0.10417070649080384,0.2,0.2,0.2958292935091962,0.2
262,0.19999999999999998,0.19999999999999998,0.030746199468653757,0.36925380053134627,0.19999999999999998
263,0.13554045468886583,0.008182852620276118,0.14847687649178487,0.5077998161990732,0.19999999999999998
264,0.062251043463098295,0.20051570857567602,0.2,0.5108227493459524,0.026410498615273236
265,0.038928554047461615,0.04332260305873686,0.2,0.54894854547946,0.16880029741434158
266,0.19501770055789805,0.19999999999999998,0.19999999999999998,0.32081509027912775,0.08416720916297417
267,0.19999999999999998,0.19999999999999998,0.10873211070930777,0.4155720564035642,0.07569583288712795
268,0.0239358180004357,0.20000000000000004,0.2640525239895159,0.4371855428695081,0.07482611514054043
269,0.2,0.2,0.2,0.2,0.2
270,0.19999999999999998,0.19999999999999998,0.19999999999999998,0.21497201088066106,0.1850279891193389
271,0.19999999999999998,0.01877550384030649,0.19999999999999998,0.34596943603518937,0.23525506012450412
272,0.2,0.2,0.2,0.2,0.2
273,0.2,0.2,0.2,0.2,0.2
274,0.2,0.2,0.2,0.352758655986444,0.047241344013556036
275,0.28455954112406495,0.021333706306690275,0.19999999999999998,0.42035172849553204,0.07375502407371276
276,0.03035826551260071,0.2,0.2,0.46696320682893205,0.10267852765846733
277,0.22990296463890114,0.19999999999999998,0.024667668815860536,0.3454293665452383,0.19999999999999998
278,0.2,0.1642443069664968,0.018074169518400355,0.5290777334550809,0.08860379006002195
279,0.12585944940769925,0.1967458438854119,0.101195491921061,0.37619921478582785,0.2
280,0.04998043305715479,0.19999999999999998,0.05771499800247065,0.567601721870597,0.12470284706977762
281,0.19999999999999998,0.011483937757542483,0.0724202631578475,0.51609579908461,0.19999999999999998
282,0.17476031784591192,0.2,0.18463878275128529,0.24060089940280274,0.2
283,0.09405327948215085,0.2,0.2,0.30594672051784916,0.2
284,0.10575142020876514,0.2,0.2,0.2942485797912349,0.2
285,0.19999999999999998,0.19999999999999998,0.13736920382252665,0.27777096067352175,0.18485983550395155
286,0.19999999999999998,0.19999999999999998,0.022640738137561386,0.43415377006243117,0.14320549180000736
287,0.2,0.2,0.2,0.2,0.2
288,0.2,0.1544621756237844,0.2,0.2455378243762156,0.2
289,0.1430914806404662,0.004658440246446214,0.19999999999999998,0.4522500791130875,0.19999999999999998
290,0.20000000000000004,0.20000000000000004,0.17678626143694515,0.2232137385630549,0.20000000000000004
291,0.19999999999999996,0.02078007340928871,0.19999999999999996,0.43726852693115503,0.14195139965955628
292,0.14673372474691987,0.059545832499104584,0.04235657727406546,0.5952369557174495,0.15612690976246058
293,1.0,1.0,1.0,1.0,1.0
294,0.05507145230393278,0.19999999999999998,0.19999999999999998,0.4073700290031785,0.13755851869288868
295,0.2,0.2,0.21615073612907704,0.256291589202558,0.12755767466836496
296,0.2,0.2,0.2,0.2773353521215549,0.1226646478784451
297,0.19999999999999998,0.039914276423416814,0.019820316458649095,0.540265407117934,0.19999999999999998
298,0.2,0.2,0.2,0.2,0.2
299,0.19999999999999998,0.19999999999999998,0.19999999999999998,0.2958045961716011,0.10419540382839891
300,0.19999999999999996,0.042275251334809937,0.0346127843708392,0.5548545824387169,0.16825738185563396
301,0.2,0.2,0.2,0.2,0.2
302,0.2,0.03626297465168382,0.2,0.3637370253483162,0.2
303,0.2,0.15725459188365482,0.07810621168577632,0.48529131850180685,0.07934787792876212
304,0.027719809861035834,0.31076035166126686,0.0063406398366784335,0.6430979606629947,0.01208123797802424
305,0.1621136061132126,0.02002012737491636,0.2,0.54179531834381,0.07607094816806112
306,0.20688805819555925,0.046644995821141906,0.19999999999999998,0.3464669459832988,0.19999999999999998
307,0.27464676909770447,0.012904538663319214,0.06572938424814073,0.4467193079908355,0.19999999999999998
308,0.027794041555283297,0.19999999999999998,0.19999999999999998,0.4762225103232847,0.09598344812143195
309,0.2,0.005125671422916527,0.10227507243557098,0.34629962807075626,0.34629962807075626
310,0.21128539630529516,0.1476265876084329,0.2,0.3895395976478722,0.051548418438399725
311,0.2,0.2,0.2,0.2,0.2
312,0.2686963473048172,0.02454992468553851,0.3450759561530594,0.16167777185658488,0.19999999999999998
313,0.10979893101360727,0.19999999999999998,0.19999999999999998,0.4062455470399681,0.0839555219464245
314,0.11842445439123502,0.2,0.2,0.28157554560876497,0.2
315,0.08860233253766979,0.00876411910957546,0.08170107629868005,0.5554086516808977,0.26552382037317696
316,0.19999999999999998,0.1515341830436325,0.058276672561040646,0.26396399894702877,0.3262251454482981
317,0.0904336150682837,0.19999999999999998,0.19999999999999998,0.2695129166428027,0.2400534682889136
318,0.09235088881609561,0.2,0.029969385449594488,0.4776797257343099,0.2
319,0.19999999999999998,0.05417545000502066,0.202504551006962,0.5019186218130425,0.04140137717497488
320,0.060853140611607064,0.2,0.2,0.4090187550630249,0.13012810432536806
321,0.03767376540907894,0.04359957463289267,0.2,0.5452289891452983,0.17349767081273015
322,0.2,0.2,0.2,0.3560458850734854,0.04395411492651466
323,0.15879869233337562,0.04708028710438341,0.003469592859522353,0.4465561635519441,0.34409526415077446
324,0.19999999999999998,0.060709107321604484,0.19999999999999998,0.41186373596016396,0.12742715671823152
325,0.24419895768004893,0.2,0.053560864706385276,0.3022401776135658,0.2
326,0.19999999999999998,0.19999999999999998,0.046400616136356584,0.40117169162653366,0.1524276922371097
327,0.1649604412638565,0.2,0.09105954455758936,0.5208038499152181,0.02317616426333613
328,0.2,0.2,0.058391474035468134,0.3416085259645319,0.2
329,0.2,0.2,0.2,0.36999237927397505,0.030007620726025017
330,0.2,0.08895593699091695,0.2,0.3110440630090831,0.2
331,0.027617336409673603,0.2,0.0673501346941499,0.5050325288961764,0.2
332,0.19999999999999998,0.005219942616721258,0.07556377851275825,0.5192162788705205,0.19999999999999998
333,0.2,0.02146054978718042,0.2,0.5571077915881831,0.021431658624636443
334,0.2,0.06630513141626372,0.2,0.3336948685837363,0.2
335,0.2,0.2,0.2,0.2,0.2
336,0.2,0.2,0.2,0.3119538870470716,0.08804611295292838
337,0.2,0.14941938943681082,0.2,0.25058061056318914,0.2
338,0.25182837905066313,0.2,0.25182837905066313,0.2037103945550085,0.09263284734366524
339,0.09476421993164717,0.19999999999999998,0.10315841593664299,0.45555288126528926,0.14652448286642059
340,0.07944101239490091,0.24189110850943552,0.2,0.27866787909566354,0.2
341,0.19999999999999996,0.06581210026558602,0.047639983429824465,0.48654791630458943,0.19999999999999996
342,0.22392396838468517,0.2,0.013115000870182874,0.362961030745132,0.2
343,0.10566398712853911,0.2,0.2,0.2943360128714609,0.2
344,0.19999999999999998,0.05109764999357068,0.19999999999999998,0.383908292406213,0.1649940576002164
345,0.025113800522080836,0.2,0.2,0.5071333138443286,0.06775288563359053
346,0.19999999999999998,0.19999999999999998,0.19999999999999998,0.19999999999999998,0.19999999999999998
347,0.1739228319126223,0.06071859190539095,0.2,0.445638682907375,0.11971989327461177
348,0.1186975979961418,0.2,0.2,0.2813024020038582,0.2
349,0.03494862413105117,0.11426819209598191,0.12012899207389183,0.5899567365669458,0.14069745513212928
350,0.10502418775224791,0.19999999999999998,0.09606620966326818,0.3989096025844839,0.19999999999999998
351,0.041353039207573696,0.01343044224747804,0.2,0.4049777029579176,0.34023881558703073
352,0.2510839037354563,0.10164191189427278,0.2,0.38137993623273597,0.06589424813753486
353,0.2,0.2,0.15952065935765763,0.24047934064234236,0.2
354,0.02625814542692453,0.19999999999999998,0.04527292032949058,0.5148287786611835,0.2136401555824014
355,0.18407343334537893,0.19999999999999998,0.03204063619619362,0.5511939657126949,0.032691964745732584
356,0.2,0.2,0.2,0.2,0.2
357,0.21569481631848159,0.19999999999999998,0.19999999999999998,0.26651491467950184,0.11779026900201661
358,0.03422245700269289,0.19999999999999998,0.07596345455949849,0.5536425319913603,0.13617155644644832
359,0.19999999999999998,0.21251656242059688,0.19999999999999998,0.279142876159764,0.108340561419639
360,0.2,0.2,0.2,0.3779748147414589,0.02202518525854108
361,0.2,0.08572527192455677,0.2,0.31427472807544327,0.2
362,0.03386340285763726,0.01795259605163252,0.08510543111266096,0.6630785699780692,0.19999999999999998
363,0.1293812700653154,0.19999999999999998,0.014138496920060794,0.6066710361537119,0.04980919686091185
364,0.2,0.2,0.2,0.2731354365777936,0.12686456342220637
365,0.010778369627259206,0.2,0.2,0.3892216303727408,0.2
366,0.03174329606549895,0.256085567978167,0.2,0.256085567978167,0.256085567978167
367,0.012753558984706226,0.25224380350264936,0.08902553230303648,0.4459771052096079,0.19999999999999998
368,0.19999999999999996,0.19999999999999996,0.1440719293933298,0.39423746687765554,0.06169060372901466
369,0.20000000000000004,0.20000000000000004,0.20000000000000004,0.3420687333727689,0.057931266627231165
370,0.2,0.2,0.2,0.25808129323334333,0.1419187067666567
371,0.029126477661942974,0.2,0.2,0.4766378719435267,0.09423565039453029
372,0.19999999999999998,0.19999999999999998,0.19999999999999998,0.3808746706897248,0.019125329310275163
373,0.21278094483714974,0.0416067225151045,0.2,0.34561233264774577,0.2
374,0.24319029778870158,0.19999999999999998,0.19999999999999998,0.2178099183405075,0.13899978387079093
375,0.10664337862173172,0.2,0.2,0.2933566213782683,0.2
376,0.03624710927110759,0.20000000000000004,0.17820675411868617,0.42382929237566785,0.16171684423453841
377,0.19999999999999998,0.007684395033577841,0.19999999999999998,0.46916229696279094,0.12315330800363115
378,0.20000000000000004,0.20000000000000004,0.1118487130459941,0.42211802476343296,0.06603326219057297
379,0.1659799899930351,0.2,0.022001951053853438,0.4941463626488769,0.11787169630423461
380,0.2,0.2,0.056308473290181786,0.3703254875134196,0.17336603919639862
381,0.2,0.2,0.2,0.2,0.2
382,0.012240842200287311,0.07996103615801517,0.19999999999999998,0.5004145599686691,0.20738356167302835
383,0.1755546571993922,0.23381752248308071,0.15607533397876974,0.2345524863387574,0.2
384,0.2,0.2,0.2,0.2981204630775753,0.10187953692242471
385,0.2756990943067948,0.19999999999999998,0.1387338877106305,0.3668298953253766,0.018737122657198034
386,0.2,0.2,0.2,0.2,0.2
387,0.15232080754167862,0.19999999999999998,0.006852877178576814,0.49702341208930206,0.1438029031904425
388,0.2,0.2,0.2,0.2,0.2
389,0.02209790812282941,0.0020765788671686485,0.2,0.7177087610289885,0.05811675198101346
390,0.2,0.2,0.2,0.2,0.2
391,0.2,0.2,0.2,0.2,0.2
392,0.2,0.2,0.2,0.2,0.2
393,0.012768384868968339,0.2,0.2,0.38723161513103166,0.2
394,0.19999999999999998,0.19999999999999998,0.008759327341311504,0.4330093323076508,0.1582313403510376
395,0.07649481915268184,0.19999999999999998,0.19999999999999998,0.2568301487677605,0.26667503207955756
396,0.20000000000000004,0.20000000000000004,0.27671229396428487,0.19960781748880496,0.12367988854691016
397,0.24342111209324466,0.19999999999999998,0.08117081258278136,0.275408075323974,0.19999999999999998
398,0.12497736833097495,0.017345072074417683,0.2,0.4950789163538299,0.16259864324077747
399,0.2,0.2,0.2,0.33662550891052156,0.06337449108947849
400,0.09957122569623257,0.06707168144741567,0.19999999999999998,0.4365860404298181,0.19677105242653367
401,0.2,0.040656658602995506,0.2,0.35934334139700447,0.2
402,0.1392634864194732,0.19999999999999998,0.19999999999999998,0.29857817680736903,0.16215833677315772
403,0.2,0.17828084789917842,0.14860809229738287,0.28234006154523167,0.19077099825820704
404,0.19999999999999998,0.19999999999999998,0.19999999999999998,0.2891588420821037,0.11084115791789625
405,0.19999999999999998,0.19999999999999998,0.19999999999999998,0.37550593949361977,0.024494060506380165
406,0.2,0.2,0.2,0.35867692992216843,0.04132307007783157
407,0.2,0.2,0.2,0.2,0.2
408,0.058753141498777584,0.21942125692286724,0.2,0.3643284044252072,0.15749719715314797
409,0.2,0.2,0.2,0.2,0.2
410,0.19999999999999998,0.029685904866749623,0.19999999999999998,0.3703140951332503,0.19999999999999998
411,0.09817160584634477,0.19999999999999998,0.17231546309638693,0.49836675268101044,0.031146178376257775
412,0.10922834858937545,0.19999999999999998,0.19999999999999998,0.29077165141062455,0.19999999999999998
413,0.2,0.2,0.2,0.3284592197242361,0.07154078027576391
414,0.19999999999999998,0.19999999999999998,0.03174677926639244,0.5064034432814754,0.06184977745213223
415,0.2,0.2,0.06440746607769264,0.3355925339223073,0.2
416,0.009931670080320814,0.19999999999999998,0.19999999999999998,0.4188036398969625,0.1712646900227167
417,0.11406481594995793,0.2,0.2,0.3173323531157638,0.16860283093427836
418,0.037686043588686616,0.19999999999999996,0.19999999999999996,0.4825405087850272,0.07977344762628609
419,0.04977725687179048,0.150902260145757,0.10064969631886678,0.5358779988266539,0.16279278783693182
420,0.0007876242013942681,0.2,0.2,0.40607110014932596,0.19314127564927977
421,0.11996746966433941,0.01799681323653399,0.2,0.46203571709912655,0.2
422,0.2,0.07067970476224218,0.10183673086864369,0.4274835643691142,0.2
423,0.19999999999999998,0.19999999999999998,0.257148070683747,0.14285192931625296,0.19999999999999998
424,0.19999999999999998,0.19999999999999998,0.09798184917744046,0.38349278419590493,0.11852536662665458
425,0.2,0.2,0.2,0.2616263441614208,0.13837365583857922
426,0.3094525332439608,0.024160219344927354,0.15693471416715096,0.3094525332439608,0.19999999999999998
427,0.2,0.2,0.006988958921322714,0.39301104107867724,0.2
428,0.19999999999999998,0.10726309869208694,0.19999999999999998,0.292736901307913,0.19999999999999998
429,0.06635266828196619,0.20776027343626355,0.2,0.4787831758033318,0.047103882478438525
430,0.008621198224305467,0.2,0.14152276505633835,0.4637936016107614,0.18606243510859477
431,0.2478284494002626,0.19054564979926217,0.11379745140021268,0.2478284494002626,0.2
432,0.19999999999999998,0.03836682647928363,0.19999999999999998,0.4697060346557436,0.09192713886497275
433,0.015404215514563094,0.19999999999999998,0.18882081009954776,0.5192236358703467,0.07655133851554248
434,0.06581082846641186,0.19999999999999998,0.19999999999999998,0.4157411436770801,0.11844802785650795
435,0.09699480876592374,0.0450699481827996,0.2260534441130532,0.6016327911698245,0.030249007768398898
436,0.22099096725175169,0.19999999999999998,0.11638568181017159,0.37711441299133636,0.0855089379467403
437,0.18056459713326228,0.19999999999999998,0.015493668733262285,0.5309697524835222,0.07297198164995325
438,0.2,0.2,0.008789044278855598,0.39121095572114445,0.2
439,0.19999999999999998,0.03721401950077112,0.19999999999999998,0.2962896885604769,0.26649629193875196
440,0.19999999999999998,0.18565113752463797,0.19999999999999998,0.2633337205593163,0.15101514191604568
441,0.2,0.2,0.2,0.36908753178431514,0.030912468215684896
442,0.19999999999999998,0.19999999999999998,0.07022110073247781,0.43248829384009785,0.0972906054274243
443,0.019883879807745954,0.19999999999999998,0.07789129434674415,0.5022248258455099,0.19999999999999998
444,0.2,0.2,0.1307897103904571,0.2692102896095429,0.2
445,0.2,0.048339298118036444,0.2,0.3516607018819636,0.2
446,0.2,0.2,0.2,0.35323451599598743,0.04676548400401263
447,0.2,0.18790926719533593,0.06080002155847933,0.3512907112461847,0.2
448,0.09832821342488067,0.05141316875889715,0.0631160764996357,0.5871425413165865,0.19999999999999998
449,0.2,0.027781375029873757,0.03162362913228734,0.540594995837839,0.2
450,0.2,0.2,0.2,0.2,0.2
451,0.2,0.2,0.2,0.2,0.2
452,0.025979969662730258,0.0210603627950804,0.2,0.5529596675421894,0.2
453,0.19355359825320087,0.2,0.2,0.20644640174679915,0.2
454,0.04267867095629428,0.2,0.12100018061683669,0.4617336723368453,0.17458747609002376
455,0.0007621706100560981,0.19999999999999998,0.19999999999999998,0.5031810948773482,0.09605673451259576
456,0.2,0.2,0.21938128833514026,0.29444417115510224,0.08617454050975756
457,0.2,0.2,0.2,0.2,0.2
458,0.2,0.05854679063605278,0.2,0.3414532093639472,0.2
459,0.033822467961944845,0.19999999999999998,0.19999999999999998,0.4540708037417454,0.11210672829630977
460,0.2,0.2,0.023064919139830144,0.37693508086016986,0.2
461,0.19999999999999998,0.00852050334790961,0.19999999999999998,0.38393456483955773,0.20754493181253256
462,0.09479220072923672,0.19999999999999998,0.19999999999999998,0.30520779927076325,0.19999999999999998
463,0.09690383937087019,0.060033349220115786,0.05675869859869057,0.5863041128103235,0.2
464,0.19999999999999998,0.19999999999999998,0.19999999999999998,0.2944757730910022,0.10552422690899779
465,0.2,0.2,0.021586044093377988,0.3693410476072331,0.20907290829938896
466,0.2,0.2,0.0492634322075489,0.3507365677924511,0.2
467,0.07598645670879668,0.2,0.2,0.3240135432912033,0.2
468,0.06795695483107494,0.11655720805259943,0.2,0.5356071124320473,0.07987872468427837
469,0.19999999999999998,0.19999999999999998,0.08429962290307771,0.4376664996916999,0.07803387740522238
470,0.2,0.16582217391939802,0.2,0.23417782608060203,0.2
471,0.2,0.04348478032957736,0.2,0.43452627888917955,0.12198894078124303
472,0.2,0.2,0.2,0.2,0.2
473,1.0,1.0,1.0,1.0,1.0
474,0.2,0.2,0.019289217980771118,0.4388830367308988,0.14182774528833014
475,0.2,0.2,0.2,0.2,0.2
476,0.2,0.2,0.2,0.2,0.2
477,0.0009253810184125462,0.2,0.04849988058233472,0.6079914243361884,0.14258331406306432
478,0.04182261685454423,0.06460138576399985,0.20000000000000004,0.49357599738145597,0.20000000000000004
479,0.23090394255706226,0.2,0.09823306511799827,0.39694735664486414,0.07391563568007525
480,0.0996041601111374,0.010434349334861325,0.2,0.6629173409294005,0.02704414962460086
481,0.2,0.2,0.10159145836712409,0.3728518130834279,0.12555672854944797
482,0.19999999999999998,0.19999999999999998,0.04678062781739078,0.4727496008071311,0.08046977137547813
483,0.2,0.004898835697854524,0.2,0.35272708301796185,0.24237408128418356
484,0.2,0.2,0.2,0.2,0.2
485,0.005990255647570775,0.04290151927704513,0.2,0.5511082250753842,0.2
486,0.0694173632512218,0.2,0.2,0.4626627668717014,0.06791986987707678
487,0.19999999999999998,0.19999999999999998,0.19999999999999998,0.19999999999999998,0.19999999999999998
488,0.2,0.2,0.1023181220500845,0.29768187794991546,0.2
489,0.1939687190309219,0.19999999999999998,0.11603653862779124,0.4571411291125623,0.0328536132287245
490,0.2,0.2,0.2,0.2,0.2
491,0.03159853149437817,0.0690134691964833,0.19999999999999998,0.4993879993091385,0.19999999999999998
492,0.2,0.1658446251936177,0.05317697889772225,0.42938297618644444,0.1515954197222156
493,0.2,0.2,0.2,0.2,0.2
494,0.2,0.2,0.13107594643215387,0.40550171990435885,0.0634223336634873
495,0.2,0.2,0.04200026154952763,0.4664320658203374,0.09156767263013495
496,0.19999999999999998,0.08971711638288757,0.00993691433319587,0.5686378101503429,0.13170815913357367
497,0.2,0.2,0.2,0.29319009905185245,0.10680990094814756
498,0.04356064629589815,0.2,0.051313501200650785,0.5051258525034511,0.2
499,0.2,0.2,0.2,0.2,0.2
500,0.1051683361090998,0.04126906178086782,0.19999999999999998,0.45356260211003235,0.19999999999999998
501,0.25651439385779523,0.19999999999999996,0.04563999399483027,0.3124327445771544,0.18541286757022
